$ANSIBLE_VAULT;1.1;AES256
39373466666461663638626230623033306235366363383434383433346236303866333134323065
6664343464383566363434663434666534666237353964660a663465636632306163346635623036
36633634646564633034313032303736623133346664666139306538353866626664336262316330
3631306263623063350a366434366161303366643963373434396231643963333963643233366338
32396464326464643561666536393939343338306566353533663137316333633161646539316461
64663930303165333039386239346362633837333063363331383831363935646565316231653361
66353238376162316161316637633838623836373463396161633264613532343463653335333438
65373934336536643164663733386237326634623366366132353861333136333761396261393332
38386538396531393539313338386534343039373339613439383861613638326161316234386431
32376537396432346331653764633263386262633732303366323431313865313438313465663939
61623461323739646138313562626661666438323632656563646130633665626433376330343161
65623063383566613464656230616336333364396461653538373534353436313761333963343461
35623138663664666633346162666336653237343863643030633666613239653939656464336264
65633861346264616662346361303232646139366138336235373036376362333761363631353039
37336265623064353932363339633739386333313739383433323039623862326335373431386165
37633232643238313134343931643334303330356235663630643239383061336266373532306535
61613761326239613932393061346333363034666363346535613366313930633136363663626136
36646265346261303762346563333931336161323261313930303261656364346137366434356362
34373633623765386264343062636537323330656637623962316338306531656233633462636230
39326531656662613465643838666634316438313934373137643763356164363661393463306366
65643632346432636137313638616334643866633533643431636263306465623036323130373434
32326138323563626262356437343461663934383865643161316563643333383435643435616432
66303562393537616439653330343831663335383039333737366362396639323766333333346439
30623661666664636130333563653265656166316261303838393035613963346139656535653734
64616134313631636434363364623464633563313964363238346535626431313030323338373766
38396561666332343066323235373536646636646631656237383831306435353535616430313265
38376638343239666333646566663565343062396564376639336636383264326331613432353235
36373265306664306264316663303964353733353837653465666334633530376665393966336138
61356331363465313138646262643135643833306137653866363461636636656139346437316466
39656163383433666433313632306237306564613165376161623833636166353165386536623433
36383561616630623332323537356337626637613231393539323039363935393364653531353330
39633064623130313663613136616466396362393635306332666532633862653165366266306665
38326365366330313165623965306162373231323535386362626339396630656638
